[Container] 2026/03/08 21:20:49.570524 Running on CodeBuild On-demand
	[Container] 2026/03/08 21:20:49.570536 Waiting for agent ping
	[Container] 2026/03/08 21:20:49.671670 Waiting for DOWNLOAD_SOURCE
	[Container] 2026/03/08 21:20:50.819732 Phase is DOWNLOAD_SOURCE
	[Container] 2026/03/08 21:20:50.820944 CODEBUILD_SRC_DIR=/codebuild/output/src3507189110/src
	[Container] 2026/03/08 21:20:50.821576 YAML location is /codebuild/output/src3507189110/src/buildspec.yml
	[Container] 2026/03/08 21:20:50.823510 Setting HTTP client timeout to higher timeout for S3 source
	[Container] 2026/03/08 21:20:50.823650 Processing environment variables
	[Container] 2026/03/08 21:20:50.941711 No runtime version selected in buildspec.
	[Container] 2026/03/08 21:20:50.972372 Moving to directory /codebuild/output/src3507189110/src
	[Container] 2026/03/08 21:20:50.972397 Cache is not defined in the buildspec
	[Container] 2026/03/08 21:20:51.019043 Skip cache due to: no paths specified to be cached
	[Container] 2026/03/08 21:20:51.019442 Registering with agent
	[Container] 2026/03/08 21:20:51.064724 Phases found in YAML: 1
	[Container] 2026/03/08 21:20:51.064743  BUILD: 6 commands
	[Container] 2026/03/08 21:20:51.064988 Phase complete: DOWNLOAD_SOURCE State: SUCCEEDED
	[Container] 2026/03/08 21:20:51.065000 Phase context status code:  Message: 
	[Container] 2026/03/08 21:20:51.178190 Entering phase INSTALL
	[Container] 2026/03/08 21:20:51.219453 Phase complete: INSTALL State: SUCCEEDED
	[Container] 2026/03/08 21:20:51.219471 Phase context status code:  Message: 
	[Container] 2026/03/08 21:20:51.255737 Entering phase PRE_BUILD
	[Container] 2026/03/08 21:20:51.258272 Phase complete: PRE_BUILD State: SUCCEEDED
	[Container] 2026/03/08 21:20:51.258289 Phase context status code:  Message: 
	[Container] 2026/03/08 21:20:51.305557 Entering phase BUILD
	[Container] 2026/03/08 21:20:51.344886 Running command echo "Current directory:"
	Current directory:
	
	[Container] 2026/03/08 21:20:51.352684 Running command pwd
	/codebuild/output/src3507189110/src
	
	[Container] 2026/03/08 21:20:51.360078 Running command echo "Files in current directory:"
	Files in current directory:
	
	[Container] 2026/03/08 21:20:51.367371 Running command ls -la
	total 88
	drwxr-xr-x 2 root root 4096 Mar  8 21:20 .
	drwxr-xr-x 3 root root   17 Mar  8 21:20 ..
	-rw-rw-rw- 1 root root    0 Mar  9  2026 api\__init__.py
	-rw-rw-rw- 1 root root 1456 Mar  9  2026 api\main.py
	-rw-rw-rw- 1 root root  146 Mar  9  2026 api\__pycache__\__init__.cpython-313.pyc
	-rw-rw-rw- 1 root root 2171 Mar  9  2026 api\__pycache__\main.cpython-313.pyc
	-rw-rw-rw- 1 root root    0 Mar  9  2026 app\__init__.py
	-rw-rw-rw- 1 root root 1654 Mar  9  2026 app\ui.py
	-rw-rw-rw- 1 root root  226 Mar  9  2026 buildspec.yml
	-rw-rw-rw- 1 root root    0 Mar  9  2026 config\__init__.py
	-rw-rw-rw- 1 root root  149 Mar  9  2026 config\__pycache__\__init__.cpython-313.pyc
	-rw-rw-rw- 1 root root 1451 Mar  9  2026 config\__pycache__\settings.cpython-313.pyc
	-rw-rw-rw- 1 root root  952 Mar  9  2026 config\settings.py
	-rw-rw-rw- 1 root root  642 Mar  9  2026 docker\Dockerfile
	-rw-rw-rw- 1 root root   70 Mar  9  2026 docker\.dockerignore
	-rw-rw-rw- 1 root root  866 Mar  9  2026 models\chat.py
	-rw-rw-rw- 1 root root    0 Mar  9  2026 models\__init__.py
	-rw-rw-rw- 1 root root 1753 Mar  9  2026 models\__pycache__\chat.cpython-313.pyc
	-rw-rw-rw- 1 root root  149 Mar  9  2026 models\__pycache__\__init__.cpython-313.pyc
	-rw-rw-rw- 1 root root    0 Mar  9  2026 rag\__init__.py
	-rw-rw-rw- 1 root root 1013 Mar  9  2026 rag\retrievers.py
	-rw-rw-rw- 1 root root  224 Mar  9  2026 requirements.txt
	-rw-rw-rw- 1 root root 1066 Mar  9  2026 services\aws_clients.py
	-rw-rw-rw- 1 root root    0 Mar  9  2026 services\__init__.py
	-rw-rw-rw- 1 root root  641 Mar  9  2026 services\llm_provider.py
	-rw-rw-rw- 1 root root    0 Mar  9  2026 tests\__init__.py
	-rw-rw-rw- 1 root root  148 Mar  9  2026 tests\__pycache__\__init__.cpython-313.pyc
	-rw-rw-rw- 1 root root 3099 Mar  9  2026 tests\__pycache__\test_api.cpython-313-pytest-9.0.2.pyc
	-rw-rw-rw- 1 root root  437 Mar  9  2026 tests\test_api.py
	-rw-rw-rw- 1 root root    0 Mar  9  2026 utils\__init__.py
	-rw-rw-rw- 1 root root  953 Mar  9  2026 utils\logger.py
	
	[Container] 2026/03/08 21:20:51.482391 Running command echo "Recursive file list:"
	Recursive file list:
	
	[Container] 2026/03/08 21:20:51.489894 Running command find . -maxdepth 3
	.
	./api\main.py
	./api\__init__.py
	./api\__pycache__\main.cpython-313.pyc
	./api\__pycache__\__init__.cpython-313.pyc
	./app\ui.py
	./app\__init__.py
	./config\settings.py
	./config\__init__.py
	./config\__pycache__\settings.cpython-313.pyc
	./config\__pycache__\__init__.cpython-313.pyc
	./docker\.dockerignore
	./docker\Dockerfile
	./models\chat.py
	./models\__init__.py
	./models\__pycache__\chat.cpython-313.pyc
	./models\__pycache__\__init__.cpython-313.pyc
	./rag\retrievers.py
	./rag\__init__.py
	./services\aws_clients.py
	./services\llm_provider.py
	./services\__init__.py
	./tests\test_api.py
	./tests\__init__.py
	./tests\__pycache__\test_api.cpython-313-pytest-9.0.2.pyc
	./tests\__pycache__\__init__.cpython-313.pyc
	./utils\logger.py
	./utils\__init__.py
	./buildspec.yml
	./requirements.txt
	
	[Container] 2026/03/08 21:20:51.530440 Phase complete: BUILD State: SUCCEEDED
	[Container] 2026/03/08 21:20:51.530457 Phase context status code:  Message: 
	[Container] 2026/03/08 21:20:51.572827 Entering phase POST_BUILD
	[Container] 2026/03/08 21:20:51.575490 Phase complete: POST_BUILD State: SUCCEEDED
	[Container] 2026/03/08 21:20:51.575504 Phase context status code:  Message: 
	[Container] 2026/03/08 21:20:51.627328 Set report auto-discover timeout to 5 seconds
	[Container] 2026/03/08 21:20:51.627359 Expanding base directory path:  .
	[Container] 2026/03/08 21:20:51.630271 Assembling file list
	[Container] 2026/03/08 21:20:51.630286 Expanding .
	[Container] 2026/03/08 21:20:51.633264 Expanding file paths for base directory .
	[Container] 2026/03/08 21:20:51.633277 Assembling file list
	[Container] 2026/03/08 21:20:51.633280 Expanding **/*
	[Container] 2026/03/08 21:20:51.636436 No matching auto-discover report paths found
	[Container] 2026/03/08 21:20:51.636488 Report auto-discover file discovery took 0.009160 seconds
	[Container] 2026/03/08 21:20:51.636510 Phase complete: UPLOAD_ARTIFACTS State: SUCCEEDED
	[Container] 2026/03/08 21:20:51.636516 Phase context status code:  Message: 

